0 0 0 0 0 0 3.68883e-021 3.68877e-020 1.99189e-019 7.74607e-019 2.43441e-018 6.57269e-018 1.58226e-017 3.48083e-017 7.11957e-017 1.37111e-016 2.51006e-016 4.40052e-016 7.43155e-016 1.2147e-015 1.9291e-015 2.98632e-015 4.51844e-015 6.69741e-015 9.74411e-015 1.3939e-014 1.9634e-014 2.72669e-014 3.73769e-014 
0 0 0 0 0 0 4.32462e-022 4.3245e-021 2.33515e-020 9.08076e-020 2.85382e-019 7.7049e-019 1.85477e-018 4.08023e-018 8.34531e-018 1.60712e-017 2.94201e-017 5.1576e-017 8.70977e-017 1.42356e-016 2.26071e-016 3.4995e-016 5.29464e-016 7.84752e-016 1.14168e-015 1.63308e-015 2.30017e-015 3.19419e-015 4.37824e-015 
1 0 0 0 1.02536e-011 6.15204e-011 2.05063e-010 5.12643e-010 1.07651e-009 2.0094e-009 3.44452e-009 5.53552e-009 8.45652e-009 1.2402e-008 1.7587e-008 2.42468e-008 3.2637e-008 4.30336e-008 5.57331e-008 7.10519e-008 8.9327e-008 1.10915e-007 1.36194e-007 1.65561e-007 1.99434e-007 2.38249e-007 2.82465e-007 3.32559e-007 3.89028e-007 
1 0 0 0 -1.60307e-012 -9.6181e-012 -3.20588e-011 -8.01422e-011 -1.68286e-010 -3.14106e-010 -5.38414e-010 -8.65208e-010 -1.32168e-009 -1.93818e-009 -2.74827e-009 -3.78864e-009 -5.09917e-009 -6.72286e-009 -8.70588e-009 -1.10975e-008 -1.39502e-008 -1.73195e-008 -2.12639e-008 -2.58453e-008 -3.11284e-008 -3.7181e-008 -4.40741e-008 -5.18817e-008 -6.06807e-008 
2 0 0 0 0 1.20084e-016 9.6066e-016 4.2028e-015 1.34486e-014 3.53016e-014 8.06865e-014 1.66409e-013 3.16956e-013 5.66531e-013 9.61335e-013 1.56208e-012 2.44674e-012 3.71355e-012 5.48423e-012 7.90746e-012 1.11626e-011 1.54635e-011 2.10629e-011 2.82567e-011 3.73885e-011 4.88549e-011 6.311e-011 8.06712e-011 1.02125e-010 
2 0 0 0 0 1.81498e-017 1.45195e-016 6.35214e-016 2.03262e-015 5.33544e-015 1.21948e-014 2.51506e-014 4.79033e-014 8.56221e-014 1.45289e-013 2.36078e-013 3.69773e-013 5.61217e-013 8.28803e-013 1.19499e-012 1.68689e-012 2.3368e-012 3.18291e-012 4.26992e-012 5.64974e-012 7.38226e-012 9.53608e-012 1.21893e-011 1.54306e-011 
3 0 0 0 7.66763e-012 4.6005e-011 1.53347e-010 3.83357e-010 8.05021e-010 1.50265e-009 2.57585e-009 4.13954e-009 6.32392e-009 9.27449e-009 1.3152e-008 1.81324e-008 2.4407e-008 3.21821e-008 4.16796e-008 5.3136e-008 6.68035e-008 8.29492e-008 1.01855e-007 1.23819e-007 1.49152e-007 1.78183e-007 2.11254e-007 2.48722e-007 2.90959e-007 
3 0 0 0 1.7392e-012 1.0435e-011 3.47826e-011 8.6954e-011 1.82597e-010 3.40832e-010 5.84255e-010 9.38927e-010 1.43438e-009 2.10361e-009 2.98307e-009 4.11268e-009 5.5358e-009 7.29924e-009 9.45328e-009 1.20516e-008 1.51513e-008 1.8813e-008 2.31007e-008 2.80818e-008 3.3827e-008 4.04105e-008 4.79101e-008 5.64066e-008 6.59844e-008 
4 0 0 4.66668e-007 1.86664e-006 4.19985e-006 7.46617e-006 1.16654e-005 1.67973e-005 2.28617e-005 2.98581e-005 3.77862e-005 4.66455e-005 5.64356e-005 6.7156e-005 7.88059e-005 9.13849e-005 0.000104892 0.000119327 0.000134688 0.000150976 0.000168188 0.000186325 0.000205384 0.000225366 0.000246268 0.000268091 0.000290831 0.000314489 
4 0 0 1.94445e-007 7.77769e-007 1.74994e-006 3.11092e-006 4.86063e-006 6.99898e-006 9.52587e-006 1.24412e-005 1.57447e-005 1.94364e-005 2.35159e-005 2.79832e-005 3.28379e-005 3.80799e-005 4.37088e-005 4.97244e-005 5.61264e-005 6.29144e-005 7.00882e-005 7.76472e-005 8.55913e-005 9.39199e-005 0.000102633 0.000111729 0.000121209 0.000131071 
5 0 0.025 0.0499995 0.0499981 0.0499959 0.0499927 0.0499887 0.0499837 0.0499779 0.0499711 0.0499635 0.0499549 0.0499455 0.0499351 0.0499239 0.0499118 0.0498987 0.0498848 0.04987 0.0498542 0.0498376 0.0498201 0.0498017 0.0497824 0.0497622 0.0497411 0.0497191 0.0496963 
5 0 0.025 0.0499995 0.0499984 0.0499965 0.0499939 0.0499905 0.0499863 0.0499814 0.0499757 0.0499693 0.0499621 0.0499542 0.0499455 0.0499361 0.0499259 0.0499149 0.0499032 0.0498908 0.0498776 0.0498636 0.0498489 0.0498334 0.0498172 0.0498002 0.0497825 0.049764 0.0497448 
6 0 0.0249998 0.0499991 0.0499974 0.0499946 0.0499906 0.0499855 0.0499793 0.0499719 0.0499634 0.0499538 0.049943 0.0499311 0.0499181 0.049904 0.0498887 0.0498723 0.0498547 0.0498361 0.0498163 0.0497953 0.0497733 0.0497501 0.0497258 0.0497004 0.0496739 0.0496462 0.0496174 
6 0 0.0249998 0.0499992 0.0499977 0.0499952 0.0499918 0.0499873 0.0499819 0.0499755 0.049968 0.0499596 0.0499502 0.0499399 0.0499285 0.0499162 0.0499028 0.0498885 0.0498732 0.0498569 0.0498396 0.0498214 0.0498021 0.0497819 0.0497607 0.0497385 0.0497154 0.0496912 0.0496661 
7 0 0 3.49993e-007 1.39995e-006 3.14981e-006 5.59947e-006 8.74877e-006 1.25975e-005 1.71455e-005 2.23924e-005 2.83379e-005 3.49817e-005 4.23234e-005 5.03624e-005 5.90984e-005 6.85307e-005 7.86589e-005 8.94823e-005 0.000101 0.000113212 0.000126117 0.000139714 0.000154002 0.000168981 0.00018465 0.000201008 0.000218053 0.000235785 
7 0 0 7.77759e-008 3.11102e-007 6.99973e-007 1.24438e-006 1.94431e-006 2.79976e-006 3.81069e-006 4.97709e-006 6.29894e-006 7.7762e-006 9.40884e-006 1.11968e-005 1.31401e-005 1.52387e-005 1.74925e-005 1.99014e-005 2.24655e-005 2.51847e-005 2.80588e-005 3.10879e-005 3.42719e-005 3.76106e-005 4.11041e-005 4.47523e-005 4.8555e-005 5.25123e-005 
8 0 0 0 2.72221e-013 1.63337e-012 5.44477e-012 1.36126e-011 2.85881e-011 5.33683e-011 9.14959e-011 1.4706e-010 2.24699e-010 3.29596e-010 4.67485e-010 6.4465e-010 8.67925e-010 1.1447e-009 1.4829e-009 1.89104e-009 2.37815e-009 2.95385e-009 3.6283e-009 4.41222e-009 5.31691e-009 6.35421e-009 7.53655e-009 8.8769e-009 1.03888e-008 
8 0 0 0 2.72221e-013 1.63337e-012 5.44479e-012 1.36127e-011 2.85885e-011 5.33691e-011 9.14979e-011 1.47065e-010 2.24707e-010 3.2961e-010 4.67509e-010 6.44688e-010 8.67985e-010 1.14479e-009 1.48304e-009 1.89123e-009 2.37843e-009 2.95423e-009 3.62882e-009 4.41292e-009 5.31783e-009 6.35542e-009 7.53811e-009 8.87889e-009 1.03914e-008 
9 0 0 0 8.80177e-012 5.28098e-011 1.76029e-010 4.40062e-010 9.24101e-010 1.72493e-009 2.95689e-009 4.75191e-009 7.25947e-009 1.06466e-008 1.50978e-008 2.08152e-008 2.80183e-008 3.69442e-008 4.78473e-008 6.09995e-008 7.66903e-008 9.52262e-008 1.16932e-007 1.42147e-007 1.71233e-007 2.04564e-007 2.42533e-007 2.85552e-007 3.34047e-007 
9 0 0 0 2.87342e-012 1.72403e-011 5.74664e-011 1.43662e-010 3.01681e-010 5.63115e-010 9.65297e-010 1.55129e-009 2.3699e-009 3.47563e-009 4.92874e-009 6.79518e-009 9.14662e-009 1.20604e-008 1.56197e-008 1.99131e-008 2.50352e-008 3.10861e-008 3.81714e-008 4.64028e-008 5.58971e-008 6.67772e-008 7.91714e-008 9.32136e-008 1.09043e-007 
10 0 0 0 1.54258e-012 9.25549e-012 3.08516e-011 7.71286e-011 1.61969e-010 3.02342e-010 5.18297e-010 8.32973e-010 1.27259e-009 1.86645e-009 2.64694e-009 3.64954e-009 4.9128e-009 6.47835e-009 8.39091e-009 1.06983e-008 1.34514e-008 1.67041e-008 2.05135e-008 2.49397e-008 3.0046e-008 3.58985e-008 4.25667e-008 5.0123e-008 5.86429e-008 
10 0 0 0 1.54258e-012 9.25539e-012 3.0851e-011 7.71264e-011 1.61963e-010 3.02324e-010 5.18259e-010 8.32895e-010 1.27244e-009 1.86619e-009 2.6465e-009 3.64883e-009 4.91168e-009 6.47666e-009 8.38842e-009 1.06947e-008 1.34463e-008 1.66971e-008 2.0504e-008 2.4927e-008 3.00292e-008 3.58766e-008 4.25383e-008 5.00867e-008 5.8597e-008 
11 0 0 0 0 0 2.11611e-022 2.11607e-021 1.14265e-020 4.4435e-020 1.39648e-019 3.77036e-019 9.0764e-019 1.99672e-018 4.08398e-018 7.86501e-018 1.43981e-017 2.52419e-017 4.26278e-017 6.96749e-017 1.10651e-016 1.71291e-016 2.59167e-016 3.84142e-016 5.58883e-016 7.9947e-016 1.12609e-015 1.56385e-015 2.14365e-015 
11 0 0 0 0 0 8.25034e-023 8.25012e-022 4.45492e-021 1.7324e-020 5.44445e-020 1.46993e-019 3.53852e-019 7.78427e-019 1.59213e-018 3.0661e-018 5.61287e-018 9.83992e-018 1.6617e-017 2.71598e-017 4.31317e-017 6.67671e-017 1.01018e-016 1.49726e-016 2.17827e-016 3.11588e-016 4.38872e-016 6.09456e-016 8.35384e-016 
12 0 0 0 1.06944e-012 6.41656e-012 2.13883e-011 5.347e-011 1.12285e-010 2.09594e-010 3.59296e-010 5.77424e-010 8.82148e-010 1.29377e-009 1.83474e-009 2.52961e-009 3.4051e-009 4.49004e-009 5.81537e-009 7.41421e-009 9.32176e-009 1.15753e-008 1.42145e-008 1.72806e-008 2.08176e-008 2.48712e-008 2.94893e-008 3.4722e-008 4.06215e-008 
12 0 0 0 1.06944e-012 6.4166e-012 2.13886e-011 5.34714e-011 1.1229e-010 2.09607e-010 3.59324e-010 5.77482e-010 8.82259e-010 1.29397e-009 1.83508e-009 2.53016e-009 3.40596e-009 4.49134e-009 5.8173e-009 7.41699e-009 9.32568e-009 1.15808e-008 1.42219e-008 1.72906e-008 2.08308e-008 2.48884e-008 2.95115e-008 3.47504e-008 4.06573e-008 
13 0 0 0 1.06111e-012 6.36655e-012 2.12214e-011 5.30521e-011 1.11406e-010 2.0795e-010 3.5647e-010 5.7287e-010 8.75169e-010 1.2835e-009 1.82012e-009 2.50938e-009 3.37774e-009 4.45379e-009 5.7682e-009 7.35375e-009 9.24531e-009 1.14799e-008 1.40965e-008 1.71363e-008 2.06426e-008 2.46607e-008 2.92379e-008 3.44238e-008 4.02699e-008 
13 0 0 0 4.26109e-012 2.55662e-011 8.52193e-011 2.13044e-010 4.4738e-010 8.35084e-010 1.43152e-009 2.30057e-009 3.5146e-009 5.15449e-009 7.3096e-009 1.00778e-008 1.35654e-008 1.78872e-008 2.31665e-008 2.9535e-008 3.71328e-008 4.61086e-008 5.66193e-008 6.88305e-008 8.29159e-008 9.90578e-008 1.17447e-007 1.38282e-007 1.6177e-007 
14 0 0 0 -8.05553e-013 -4.83325e-012 -1.61105e-011 -4.02751e-011 -8.4575e-011 -1.57867e-010 -2.70618e-010 -4.34899e-010 -6.64392e-010 -9.74381e-010 -1.38176e-009 -1.90501e-009 -2.56423e-009 -3.38111e-009 -4.37894e-009 -5.5826e-009 -7.01857e-009 -8.71491e-009 -1.07013e-008 -1.30089e-008 -1.56707e-008 -1.87209e-008 -2.21956e-008 -2.61323e-008 -3.05702e-008 
14 0 0 0 2.39444e-012 1.43665e-011 4.78877e-011 1.19717e-010 2.51401e-010 4.6927e-010 8.04439e-010 1.29281e-009 1.97505e-009 2.89662e-009 4.10775e-009 5.66345e-009 7.62348e-009 1.00524e-008 1.30194e-008 1.65987e-008 2.08691e-008 2.5914e-008 3.18218e-008 3.86855e-008 4.6603e-008 5.56767e-008 6.60138e-008 7.77263e-008 9.09308e-008 
15 0 0 0 -7.97223e-013 -4.78328e-012 -1.5944e-011 -3.98591e-011 -8.37019e-011 -1.56239e-010 -2.67828e-010 -4.3042e-010 -6.57556e-010 -9.64366e-010 -1.36757e-009 -1.88547e-009 -2.53797e-009 -3.34654e-009 -4.33424e-009 -5.52571e-009 -6.94718e-009 -8.62644e-009 -1.05929e-008 -1.28774e-008 -1.55126e-008 -1.85325e-008 -2.19728e-008 -2.58707e-008 -3.02649e-008 
15 0 0 0 -7.97223e-013 -4.78324e-012 -1.59437e-011 -3.98576e-011 -8.3697e-011 -1.56226e-010 -2.67799e-010 -4.3036e-010 -6.57441e-010 -9.6416e-010 -1.36722e-009 -1.88491e-009 -2.53708e-009 -3.34519e-009 -4.33225e-009 -5.52284e-009 -6.94312e-009 -8.62082e-009 -1.05852e-008 -1.28671e-008 -1.5499e-008 -1.85147e-008 -2.19498e-008 -2.58413e-008 -3.02278e-008 
16 0 0 0 1.36111e-013 8.16632e-013 2.72195e-012 6.80437e-012 1.42879e-011 2.66678e-011 4.57106e-011 7.34531e-011 1.12202e-010 1.64535e-010 2.33296e-010 3.21599e-010 4.32825e-010 5.70622e-010 7.38901e-010 9.41842e-010 1.18388e-009 1.46973e-009 1.80435e-009 2.19297e-009 2.64106e-009 3.15438e-009 3.73891e-009 4.40091e-009 5.14689e-009 
16 0 0 0 1.36111e-013 8.16634e-013 2.72196e-012 6.80442e-012 1.4288e-011 2.66683e-011 4.57116e-011 7.34552e-011 1.12206e-010 1.64542e-010 2.33308e-010 3.21619e-010 4.32856e-010 5.70667e-010 7.38969e-010 9.41939e-010 1.18402e-009 1.46992e-009 1.80461e-009 2.19331e-009 2.64152e-009 3.15498e-009 3.73969e-009 4.40191e-009 5.14815e-009 
17 0 0 0 0 4.55213e-018 3.64161e-017 1.59315e-016 5.09788e-016 1.33813e-015 3.05841e-015 6.30758e-015 1.20136e-014 2.14727e-014 3.64354e-014 5.9202e-014 9.27268e-014 1.40731e-013 2.07825e-013 2.9964e-013 4.22967e-013 5.85906e-013 7.98023e-013 1.07052e-012 1.4164e-012 1.85068e-012 2.39052e-012 3.05551e-012 3.86782e-012 
17 0 0 0 0 3.07006e-018 2.45597e-017 1.07445e-016 3.43807e-016 9.02443e-016 2.0626e-015 4.2538e-015 8.10182e-015 1.44807e-014 2.45709e-014 3.99235e-014 6.25304e-014 9.49005e-014 1.40142e-013 2.02052e-013 2.85208e-013 3.95069e-013 5.38086e-013 7.21806e-013 9.54998e-013 1.24777e-012 1.6117e-012 2.05999e-012 2.60756e-012 
18 0 0 0 0 0 -4.04551e-023 -4.04534e-022 -2.18437e-021 -8.49429e-021 -2.66945e-020 -7.20696e-020 -1.73486e-019 -3.81633e-019 -7.80531e-019 -1.50308e-018 -2.75145e-018 -4.82333e-018 -8.14493e-018 -1.33118e-017 -2.1139e-017 -3.27208e-017 -4.9503e-017 -7.33673e-017 -1.06731e-016 -1.5266e-016 -2.15006e-016 -2.98553e-016 -4.09194e-016 
18 0 0 0 0 0 -1.69563e-022 -1.69563e-021 -9.15633e-021 -3.56077e-020 -1.11909e-019 -3.02152e-019 -7.27397e-019 -1.60026e-018 -3.27321e-018 -6.30389e-018 -1.15408e-017 -2.02336e-017 -3.41718e-017 -5.58569e-017 -8.87124e-017 -1.37337e-016 -2.07809e-016 -3.0804e-016 -4.48198e-016 -6.41187e-016 -9.03217e-016 -1.25444e-015 -1.71968e-015 
19 0 0 0 0 0 7.05754e-022 7.05747e-021 3.81098e-020 1.48203e-019 4.65771e-019 1.25756e-018 3.02739e-018 6.66008e-018 1.36225e-017 2.62352e-017 4.80291e-017 8.42039e-017 1.42206e-016 2.32443e-016 3.69159e-016 5.71487e-016 8.64711e-016 1.28174e-015 1.86488e-015 2.66779e-015 3.7579e-015 5.219e-015 7.15435e-015 
19 0 0 0 0 0 -8.57878e-022 -8.57863e-021 -4.63236e-020 -1.80143e-019 -5.66147e-019 -1.52855e-018 -3.6797e-018 -8.09502e-018 -1.65573e-017 -3.18865e-017 -5.83738e-017 -1.02338e-016 -1.72827e-016 -2.82488e-016 -4.48627e-016 -6.94492e-016 -1.0508e-015 -1.55753e-015 -2.26606e-015 -3.24159e-015 -4.566e-015 -6.34107e-015 -8.69218e-015 
20 0 0 0 0 2.51603e-017 2.0128e-016 8.80586e-016 2.81782e-015 7.39663e-015 1.69062e-014 3.4868e-014 6.64131e-014 1.18709e-013 2.01438e-013 3.27324e-013 5.12708e-013 7.78181e-013 1.14925e-012 1.65709e-012 2.33929e-012 3.24069e-012 4.41428e-012 5.9221e-012 7.8362e-012 1.02397e-011 1.32279e-011 1.69094e-011 2.14069e-011 
20 0 0 0 0 -2.50663e-017 -2.00527e-016 -8.77284e-016 -2.80723e-015 -7.36874e-015 -1.68422e-014 -3.47356e-014 -6.61598e-014 -1.18255e-013 -2.00663e-013 -3.26057e-013 -5.10711e-013 -7.75131e-013 -1.14472e-012 -1.65051e-012 -2.32992e-012 -3.22762e-012 -4.39633e-012 -5.8978e-012 -7.80376e-012 -1.0197e-011 -1.31722e-011 -1.68373e-011 -2.13148e-011 
21 0 0 0 1.8602e-012 1.1161e-011 3.72028e-011 9.3005e-011 1.95305e-010 3.64558e-010 6.24934e-010 1.00432e-009 1.5343e-009 2.25019e-009 3.191e-009 4.39943e-009 5.92192e-009 7.80857e-009 1.01132e-008 1.28933e-008 1.621e-008 2.01282e-008 2.47165e-008 3.0047e-008 3.61956e-008 4.32419e-008 5.1269e-008 6.03638e-008 7.06168e-008 
21 0 0 0 -1.10401e-012 -6.62394e-012 -2.20792e-011 -5.5196e-011 -1.15907e-010 -2.16348e-010 -3.7086e-010 -5.95986e-010 -9.10466e-010 -1.33524e-009 -1.89344e-009 -2.6104e-009 -3.51362e-009 -4.63282e-009 -5.99987e-009 -7.64884e-009 -9.61597e-009 -1.19397e-008 -1.46605e-008 -1.78212e-008 -2.14667e-008 -2.56439e-008 -3.04022e-008 -3.57928e-008 -4.18692e-008 
22 0 0 1.45834e-007 5.83328e-007 1.31246e-006 2.33319e-006 3.64548e-006 5.24925e-006 7.14442e-006 9.3309e-006 1.18086e-005 1.45773e-005 1.7637e-005 2.09875e-005 2.46286e-005 2.85601e-005 3.27819e-005 3.72937e-005 4.20953e-005 4.71865e-005 5.25669e-005 5.82364e-005 6.41946e-005 7.04413e-005 7.69762e-005 8.37988e-005 9.09089e-005 9.83061e-005 
22 0 0 9.7223e-009 3.88913e-008 8.75131e-008 1.55598e-007 2.4316e-007 3.50218e-007 4.76795e-007 6.22917e-007 7.88615e-007 9.73924e-007 1.17888e-006 1.40353e-006 1.64793e-006 1.91211e-006 2.19614e-006 2.50008e-006 2.82398e-006 3.16793e-006 3.53198e-006 3.91621e-006 4.32071e-006 4.74556e-006 5.19085e-006 5.65666e-006 6.1431e-006 6.65026e-006 
23 0 0.0125 0.0249997 0.0249989 0.0249976 0.0249958 0.0249934 0.0249905 0.0249871 0.0249832 0.0249787 0.0249737 0.0249682 0.0249622 0.0249556 0.0249485 0.0249409 0.0249328 0.0249242 0.024915 0.0249053 0.0248951 0.0248844 0.0248731 0.0248614 0.0248491 0.0248363 0.0248229 
23 0 0.0125 0.0249998 0.0249995 0.0249988 0.0249979 0.0249968 0.0249954 0.0249938 0.0249919 0.0249897 0.0249873 0.0249847 0.0249818 0.0249786 0.0249752 0.0249715 0.0249676 0.0249635 0.024959 0.0249544 0.0249495 0.0249443 0.0249389 0.0249332 0.0249273 0.0249211 0.0249147 
24 0 0.0124999 0.0249997 0.0249993 0.0249985 0.0249975 0.0249962 0.0249946 0.0249927 0.0249905 0.024988 0.0249853 0.0249822 0.0249788 0.0249752 0.0249713 0.024967 0.0249625 0.0249577 0.0249526 0.0249472 0.0249415 0.0249356 0.0249293 0.0249228 0.0249159 0.0249088 0.0249014 
24 0 0.0124999 0.0249998 0.0249998 0.0249997 0.0249997 0.0249996 0.0249995 0.0249994 0.0249992 0.024999 0.0249989 0.0249987 0.0249984 0.0249982 0.0249979 0.0249976 0.0249973 0.024997 0.0249966 0.0249963 0.0249959 0.0249955 0.024995 0.0249946 0.0249941 0.0249936 0.0249931 
25 0 0 2.62496e-007 1.04997e-006 2.36238e-006 4.19967e-006 6.56174e-006 9.44848e-006 1.28597e-005 1.67953e-005 2.12551e-005 2.62388e-005 3.17461e-005 3.77769e-005 4.43308e-005 5.14075e-005 5.90065e-005 6.71277e-005 7.57704e-005 8.49344e-005 9.46191e-005 0.000104824 0.000115549 0.000126793 0.000138555 0.000150836 0.000163634 0.000176949 
25 0 0 1.26387e-007 5.05544e-007 1.13746e-006 2.0221e-006 3.15944e-006 4.54945e-006 6.19205e-006 8.08721e-006 1.02348e-005 1.26349e-005 1.52872e-005 1.81917e-005 2.13483e-005 2.4757e-005 2.84174e-005 3.23296e-005 3.64934e-005 4.09086e-005 4.5575e-005 5.04926e-005 5.5661e-005 6.10802e-005 6.67498e-005 7.26698e-005 7.88398e-005 8.52597e-005 
26 0 0 0 0 -5.25787e-018 -4.2062e-017 -1.84016e-016 -5.8883e-016 -1.54562e-015 -3.53266e-015 -7.28572e-015 -1.38767e-014 -2.48029e-014 -4.20867e-014 -6.83854e-014 -1.07112e-013 -1.62565e-013 -2.40073e-013 -3.46139e-013 -4.88612e-013 -6.76851e-013 -9.2191e-013 -1.23673e-012 -1.63635e-012 -2.13811e-012 -2.76185e-012 -3.53022e-012 -4.46883e-012 
26 0 0 0 0 -6.74001e-018 -5.39197e-017 -2.35896e-016 -7.5486e-016 -1.98148e-015 -4.52903e-015 -9.34095e-015 -1.77919e-014 -3.18024e-014 -5.39663e-014 -8.76929e-014 -1.37361e-013 -2.08488e-013 -3.07911e-013 -4.43981e-013 -6.26774e-013 -8.68309e-013 -1.18279e-012 -1.58684e-012 -2.09978e-012 -2.7439e-012 -3.54474e-012 -4.53139e-012 -5.73682e-012 
27 0 0 0 -4.99076e-013 -2.99439e-012 -9.98103e-012 -2.49517e-011 -5.23961e-011 -9.7801e-011 -1.67649e-010 -2.69417e-010 -4.11577e-010 -6.03594e-010 -8.55927e-010 -1.18002e-009 -1.58832e-009 -2.09424e-009 -2.71219e-009 -3.45758e-009 -4.34678e-009 -5.39715e-009 -6.62702e-009 -8.05572e-009 -9.70353e-009 -1.15917e-008 -1.37425e-008 -1.6179e-008 -1.89255e-008 
27 0 0 0 -4.99075e-013 -2.99441e-012 -9.98122e-012 -2.49525e-011 -5.2399e-011 -9.78087e-011 -1.67666e-010 -2.69453e-010 -4.11647e-010 -6.0372e-010 -8.56139e-010 -1.18037e-009 -1.58886e-009 -2.09506e-009 -2.71341e-009 -3.45934e-009 -4.34926e-009 -5.40059e-009 -6.63171e-009 -8.06202e-009 -9.71186e-009 -1.16026e-008 -1.37565e-008 -1.6197e-008 -1.89483e-008 
28 0 0 -2.91667e-008 -1.16664e-007 -2.62486e-007 -4.66619e-007 -7.29047e-007 -1.04975e-006 -1.4287e-006 -1.86586e-006 -2.3612e-006 -2.91469e-006 -3.52626e-006 -4.19588e-006 -4.92348e-006 -5.70902e-006 -6.55241e-006 -7.4536e-006 -8.41251e-006 -9.42905e-006 -1.05032e-005 -1.16347e-005 -1.28237e-005 -1.40699e-005 -1.53733e-005 -1.67337e-005 -1.81511e-005 -1.96254e-005 
28 0 0 -2.91667e-008 -1.16664e-007 -2.62486e-007 -4.66619e-007 -7.29047e-007 -1.04975e-006 -1.4287e-006 -1.86586e-006 -2.3612e-006 -2.91469e-006 -3.52626e-006 -4.19588e-006 -4.92348e-006 -5.70902e-006 -6.55241e-006 -7.4536e-006 -8.4125e-006 -9.42905e-006 -1.05032e-005 -1.16347e-005 -1.28237e-005 -1.40699e-005 -1.53733e-005 -1.67337e-005 -1.81511e-005 -1.96253e-005 
29 0 0 2.08334e-008 8.33324e-008 1.87494e-007 3.33313e-007 5.20782e-007 7.49892e-007 1.02063e-006 1.33299e-006 1.68694e-006 2.08248e-006 2.51958e-006 2.99823e-006 3.51839e-006 4.08004e-006 4.68316e-006 5.32771e-006 6.01367e-006 6.74099e-006 7.50964e-006 8.31959e-006 9.1708e-006 1.00632e-005 1.09968e-005 1.19715e-005 1.29873e-005 1.40441e-005 
29 0 0 1.20833e-007 4.83329e-007 1.08747e-006 1.93325e-006 3.02062e-006 4.34955e-006 5.92e-006 7.7319e-006 9.7852e-006 1.20798e-005 1.46157e-005 1.73927e-005 2.04108e-005 2.36698e-005 2.71697e-005 3.09103e-005 3.48914e-005 3.9113e-005 4.35749e-005 4.8277e-005 5.3219e-005 5.84008e-005 6.38222e-005 6.94831e-005 7.53832e-005 8.15223e-005 
30 0 0 7.91662e-008 3.16661e-007 7.12475e-007 1.26659e-006 1.97898e-006 2.84961e-006 3.87844e-006 5.06544e-006 6.41053e-006 7.91367e-006 9.57479e-006 1.13938e-005 1.33706e-005 1.55052e-005 1.77974e-005 2.02471e-005 2.28543e-005 2.56187e-005 2.85403e-005 3.1619e-005 3.48545e-005 3.82468e-005 4.17958e-005 4.55012e-005 4.93628e-005 5.33806e-005 
30 0 0 1.79166e-007 7.16655e-007 1.61245e-006 2.86651e-006 4.4788e-006 6.44925e-006 8.77778e-006 1.14643e-005 1.45088e-005 1.7911e-005 2.16708e-005 2.57882e-005 3.0263e-005 3.50949e-005 4.02838e-005 4.58295e-005 5.17319e-005 5.79906e-005 6.46054e-005 7.15761e-005 7.89025e-005 8.65842e-005 9.4621e-005 0.000103012 0.000111758 0.000120858 
31 0 0 2.91664e-008 1.16667e-007 2.62504e-007 4.66685e-007 7.29217e-007 1.05011e-006 1.42938e-006 1.86703e-006 2.36309e-006 2.91758e-006 3.53051e-006 4.20191e-006 4.9318e-006 5.72022e-006 6.5672e-006 7.47276e-006 8.43695e-006 9.45979e-006 1.05413e-005 1.16816e-005 1.28807e-005 1.41386e-005 1.54554e-005 1.68311e-005 1.82658e-005 1.97595e-005 
31 0 0 2.91664e-008 1.16667e-007 2.62504e-007 4.66685e-007 7.29217e-007 1.05011e-006 1.42938e-006 1.86703e-006 2.36309e-006 2.91758e-006 3.53051e-006 4.20191e-006 4.9318e-006 5.72023e-006 6.5672e-006 7.47276e-006 8.43695e-006 9.45979e-006 1.05413e-005 1.16816e-005 1.28807e-005 1.41386e-005 1.54554e-005 1.68311e-005 1.82658e-005 1.97595e-005 
